# x
0.000000000000000000e+00
0.000000000000000000e+00
0.000000000000000000e+00
0.000000000000000000e+00
4.000000000000000000e+01
2.000000000000000000e+01
1.000000000000000000e+01
3.000000000000000000e+01
5.000000000000000000e+00
2.500000000000000000e+01
1.500000000000000000e+01
3.500000000000000000e+01
2.500000000000000000e+00
2.250000000000000000e+01
1.250000000000000000e+01
3.250000000000000000e+01
7.500000000000000000e+00
2.750000000000000000e+01
1.750000000000000000e+01
3.750000000000000000e+01
1.250000000000000000e+00
2.125000000000000000e+01
1.125000000000000000e+01
3.125000000000000000e+01
6.250000000000000000e+00
2.625000000000000000e+01
1.625000000000000000e+01
3.625000000000000000e+01
3.750000000000000000e+00
2.375000000000000000e+01
1.375000000000000000e+01
3.375000000000000000e+01
8.750000000000000000e+00
2.875000000000000000e+01
1.875000000000000000e+01
3.875000000000000000e+01
6.250000000000000000e-01
2.062500000000000000e+01
1.062500000000000000e+01
3.062500000000000000e+01
5.625000000000000000e+00
2.562500000000000000e+01
1.562500000000000000e+01
3.562500000000000000e+01
3.125000000000000000e+00
2.312500000000000000e+01
1.312500000000000000e+01
3.312500000000000000e+01
8.125000000000000000e+00
2.812500000000000000e+01
1.812500000000000000e+01
3.812500000000000000e+01
1.875000000000000000e+00
2.187500000000000000e+01
1.187500000000000000e+01
3.187500000000000000e+01
6.875000000000000000e+00
2.687500000000000000e+01
1.687500000000000000e+01
3.687500000000000000e+01
4.375000000000000000e+00
2.437500000000000000e+01
1.437500000000000000e+01
3.437500000000000000e+01
9.375000000000000000e+00
2.937500000000000000e+01
1.937500000000000000e+01
3.937500000000000000e+01
3.125000000000000000e-01
2.031250000000000000e+01
1.031250000000000000e+01
3.031250000000000000e+01
5.312500000000000000e+00
2.531250000000000000e+01
1.531250000000000000e+01
3.531250000000000000e+01
2.812500000000000000e+00
2.281250000000000000e+01
1.281250000000000000e+01
3.281250000000000000e+01
7.812500000000000000e+00
2.781250000000000000e+01
1.781250000000000000e+01
3.781250000000000000e+01
1.562500000000000000e+00
2.156250000000000000e+01
1.156250000000000000e+01
3.156250000000000000e+01
6.562500000000000000e+00
2.656250000000000000e+01
1.656250000000000000e+01
3.656250000000000000e+01
4.062500000000000000e+00
2.406250000000000000e+01
1.406250000000000000e+01
3.406250000000000000e+01
9.062500000000000000e+00
2.906250000000000000e+01
1.906250000000000000e+01
3.906250000000000000e+01
9.375000000000000000e-01
2.093750000000000000e+01
1.093750000000000000e+01
3.093750000000000000e+01
5.937500000000000000e+00
2.593750000000000000e+01
1.593750000000000000e+01
3.593750000000000000e+01
3.437500000000000000e+00
2.343750000000000000e+01
1.343750000000000000e+01
3.343750000000000000e+01
8.437500000000000000e+00
2.843750000000000000e+01
1.843750000000000000e+01
3.843750000000000000e+01
2.187500000000000000e+00
2.218750000000000000e+01
1.218750000000000000e+01
3.218750000000000000e+01
7.187500000000000000e+00
2.718750000000000000e+01
1.718750000000000000e+01
3.718750000000000000e+01
4.687500000000000000e+00
2.468750000000000000e+01
1.468750000000000000e+01
3.468750000000000000e+01
9.687500000000000000e+00
2.968750000000000000e+01
1.968750000000000000e+01
3.968750000000000000e+01
1.562500000000000000e-01
2.015625000000000000e+01
1.015625000000000000e+01
3.015625000000000000e+01
5.156250000000000000e+00
2.515625000000000000e+01
1.515625000000000000e+01
3.515625000000000000e+01
2.656250000000000000e+00
2.265625000000000000e+01
1.265625000000000000e+01
3.265625000000000000e+01
7.656250000000000000e+00
2.765625000000000000e+01
1.765625000000000000e+01
3.765625000000000000e+01
1.406250000000000000e+00
2.140625000000000000e+01
1.140625000000000000e+01
3.140625000000000000e+01
6.406250000000000000e+00
2.640625000000000000e+01
1.640625000000000000e+01
3.640625000000000000e+01
3.906250000000000000e+00
2.390625000000000000e+01
1.390625000000000000e+01
3.390625000000000000e+01
8.906250000000000000e+00
2.890625000000000000e+01
1.890625000000000000e+01
3.890625000000000000e+01
7.812500000000000000e-01
2.078125000000000000e+01
1.078125000000000000e+01
3.078125000000000000e+01
5.781250000000000000e+00
2.578125000000000000e+01
1.578125000000000000e+01
3.578125000000000000e+01
3.281250000000000000e+00
2.328125000000000000e+01
1.328125000000000000e+01
3.328125000000000000e+01
8.281250000000000000e+00
2.828125000000000000e+01
1.828125000000000000e+01
3.828125000000000000e+01
2.031250000000000000e+00
2.203125000000000000e+01
1.203125000000000000e+01
3.203125000000000000e+01
7.031250000000000000e+00
2.703125000000000000e+01
1.703125000000000000e+01
3.703125000000000000e+01
4.531250000000000000e+00
2.453125000000000000e+01
1.453125000000000000e+01
3.453125000000000000e+01
9.531250000000000000e+00
2.953125000000000000e+01
1.953125000000000000e+01
3.953125000000000000e+01
4.687500000000000000e-01
2.046875000000000000e+01
1.046875000000000000e+01
3.046875000000000000e+01
5.468750000000000000e+00
2.546875000000000000e+01
1.546875000000000000e+01
3.546875000000000000e+01
2.968750000000000000e+00
2.296875000000000000e+01
1.296875000000000000e+01
3.296875000000000000e+01
7.968750000000000000e+00
2.796875000000000000e+01
1.796875000000000000e+01
3.796875000000000000e+01
1.718750000000000000e+00
2.171875000000000000e+01
1.171875000000000000e+01
3.171875000000000000e+01
6.718750000000000000e+00
2.671875000000000000e+01
1.671875000000000000e+01
3.671875000000000000e+01
4.218750000000000000e+00
2.421875000000000000e+01
1.421875000000000000e+01
3.421875000000000000e+01
9.218750000000000000e+00
2.921875000000000000e+01
1.921875000000000000e+01
3.921875000000000000e+01
1.093750000000000000e+00
2.109375000000000000e+01
1.109375000000000000e+01
3.109375000000000000e+01
6.093750000000000000e+00
2.609375000000000000e+01
1.609375000000000000e+01
3.609375000000000000e+01
3.593750000000000000e+00
2.359375000000000000e+01
1.359375000000000000e+01
3.359375000000000000e+01
8.593750000000000000e+00
2.859375000000000000e+01
1.859375000000000000e+01
3.859375000000000000e+01
2.343750000000000000e+00
2.234375000000000000e+01
1.234375000000000000e+01
3.234375000000000000e+01
7.343750000000000000e+00
2.734375000000000000e+01
1.734375000000000000e+01
3.734375000000000000e+01
4.843750000000000000e+00
2.484375000000000000e+01
1.484375000000000000e+01
3.484375000000000000e+01
9.843750000000000000e+00
2.984375000000000000e+01
1.984375000000000000e+01
3.984375000000000000e+01
7.812500000000000000e-02
2.007812500000000000e+01
1.007812500000000000e+01
3.007812500000000000e+01
5.078125000000000000e+00
2.507812500000000000e+01
1.507812500000000000e+01
3.507812500000000000e+01
2.578125000000000000e+00
2.257812500000000000e+01
1.257812500000000000e+01
3.257812500000000000e+01
7.578125000000000000e+00
2.757812500000000000e+01
1.757812500000000000e+01
3.757812500000000000e+01
1.328125000000000000e+00
2.132812500000000000e+01
1.132812500000000000e+01
3.132812500000000000e+01
6.328125000000000000e+00
2.632812500000000000e+01
1.632812500000000000e+01
3.632812500000000000e+01
3.828125000000000000e+00
2.382812500000000000e+01
1.382812500000000000e+01
3.382812500000000000e+01
8.828125000000000000e+00
2.882812500000000000e+01
1.882812500000000000e+01
3.882812500000000000e+01
7.031250000000000000e-01
2.070312500000000000e+01
1.070312500000000000e+01
3.070312500000000000e+01
5.703125000000000000e+00
2.570312500000000000e+01
1.570312500000000000e+01
3.570312500000000000e+01
3.203125000000000000e+00
2.320312500000000000e+01
1.320312500000000000e+01
3.320312500000000000e+01
8.203125000000000000e+00
2.820312500000000000e+01
1.820312500000000000e+01
3.820312500000000000e+01
1.953125000000000000e+00
2.195312500000000000e+01
1.195312500000000000e+01
3.195312500000000000e+01
6.953125000000000000e+00
2.695312500000000000e+01
1.695312500000000000e+01
3.695312500000000000e+01
4.453125000000000000e+00
2.445312500000000000e+01
1.445312500000000000e+01
3.445312500000000000e+01
9.453125000000000000e+00
2.945312500000000000e+01
1.945312500000000000e+01
3.945312500000000000e+01
3.906250000000000000e-01
2.039062500000000000e+01
1.039062500000000000e+01
3.039062500000000000e+01
5.390625000000000000e+00
2.539062500000000000e+01
1.539062500000000000e+01
3.539062500000000000e+01
2.890625000000000000e+00
2.289062500000000000e+01
1.289062500000000000e+01
3.289062500000000000e+01
7.890625000000000000e+00
2.789062500000000000e+01
1.789062500000000000e+01
3.789062500000000000e+01
1.640625000000000000e+00
2.164062500000000000e+01
1.164062500000000000e+01
3.164062500000000000e+01
6.640625000000000000e+00
2.664062500000000000e+01
1.664062500000000000e+01
3.664062500000000000e+01
4.140625000000000000e+00
2.414062500000000000e+01
1.414062500000000000e+01
3.414062500000000000e+01
9.140625000000000000e+00
2.914062500000000000e+01
1.914062500000000000e+01
3.914062500000000000e+01
1.015625000000000000e+00
2.101562500000000000e+01
1.101562500000000000e+01
3.101562500000000000e+01
6.015625000000000000e+00
2.601562500000000000e+01
1.601562500000000000e+01
3.601562500000000000e+01
3.515625000000000000e+00
2.351562500000000000e+01
1.351562500000000000e+01
3.351562500000000000e+01
8.515625000000000000e+00
2.851562500000000000e+01
1.851562500000000000e+01
3.851562500000000000e+01
2.265625000000000000e+00
2.226562500000000000e+01
1.226562500000000000e+01
3.226562500000000000e+01
7.265625000000000000e+00
2.726562500000000000e+01
1.726562500000000000e+01
3.726562500000000000e+01
4.765625000000000000e+00
2.476562500000000000e+01
1.476562500000000000e+01
3.476562500000000000e+01
9.765625000000000000e+00
2.976562500000000000e+01
1.976562500000000000e+01
3.976562500000000000e+01
2.343750000000000000e-01
2.023437500000000000e+01
1.023437500000000000e+01
3.023437500000000000e+01
5.234375000000000000e+00
2.523437500000000000e+01
1.523437500000000000e+01
3.523437500000000000e+01
2.734375000000000000e+00
2.273437500000000000e+01
1.273437500000000000e+01
3.273437500000000000e+01
7.734375000000000000e+00
2.773437500000000000e+01
1.773437500000000000e+01
3.773437500000000000e+01
1.484375000000000000e+00
2.148437500000000000e+01
1.148437500000000000e+01
3.148437500000000000e+01
6.484375000000000000e+00
2.648437500000000000e+01
1.648437500000000000e+01
3.648437500000000000e+01
3.984375000000000000e+00
2.398437500000000000e+01
1.398437500000000000e+01
3.398437500000000000e+01
8.984375000000000000e+00
2.898437500000000000e+01
1.898437500000000000e+01
3.898437500000000000e+01
8.593750000000000000e-01
2.085937500000000000e+01
1.085937500000000000e+01
3.085937500000000000e+01
5.859375000000000000e+00
2.585937500000000000e+01
1.585937500000000000e+01
3.585937500000000000e+01
3.359375000000000000e+00
2.335937500000000000e+01
1.335937500000000000e+01
3.335937500000000000e+01
8.359375000000000000e+00
2.835937500000000000e+01
1.835937500000000000e+01
3.835937500000000000e+01
2.109375000000000000e+00
2.210937500000000000e+01
1.210937500000000000e+01
3.210937500000000000e+01
7.109375000000000000e+00
2.710937500000000000e+01
1.710937500000000000e+01
3.710937500000000000e+01
4.609375000000000000e+00
2.460937500000000000e+01
1.460937500000000000e+01
3.460937500000000000e+01
9.609375000000000000e+00
2.960937500000000000e+01
1.960937500000000000e+01
3.960937500000000000e+01
5.468750000000000000e-01
2.054687500000000000e+01
1.054687500000000000e+01
3.054687500000000000e+01
5.546875000000000000e+00
2.554687500000000000e+01
1.554687500000000000e+01
3.554687500000000000e+01
3.046875000000000000e+00
2.304687500000000000e+01
1.304687500000000000e+01
3.304687500000000000e+01
8.046875000000000000e+00
2.804687500000000000e+01
1.804687500000000000e+01
3.804687500000000000e+01
1.796875000000000000e+00
2.179687500000000000e+01
1.179687500000000000e+01
3.179687500000000000e+01
6.796875000000000000e+00
2.679687500000000000e+01
1.679687500000000000e+01
3.679687500000000000e+01
4.296875000000000000e+00
2.429687500000000000e+01
1.429687500000000000e+01
3.429687500000000000e+01
9.296875000000000000e+00
2.929687500000000000e+01
1.929687500000000000e+01
3.929687500000000000e+01
1.171875000000000000e+00
2.117187500000000000e+01
1.117187500000000000e+01
3.117187500000000000e+01
6.171875000000000000e+00
2.617187500000000000e+01
1.617187500000000000e+01
3.617187500000000000e+01
3.671875000000000000e+00
2.367187500000000000e+01
1.367187500000000000e+01
3.367187500000000000e+01
8.671875000000000000e+00
2.867187500000000000e+01
1.867187500000000000e+01
3.867187500000000000e+01
2.421875000000000000e+00
2.242187500000000000e+01
1.242187500000000000e+01
3.242187500000000000e+01
7.421875000000000000e+00
2.742187500000000000e+01
1.742187500000000000e+01
3.742187500000000000e+01
4.921875000000000000e+00
2.492187500000000000e+01
1.492187500000000000e+01
3.492187500000000000e+01
9.921875000000000000e+00
2.992187500000000000e+01
1.992187500000000000e+01
3.992187500000000000e+01
3.906250000000000000e-02
2.003906250000000000e+01
1.003906250000000000e+01
3.003906250000000000e+01
5.039062500000000000e+00
2.503906250000000000e+01
1.503906250000000000e+01
3.503906250000000000e+01
2.539062500000000000e+00
2.253906250000000000e+01
1.253906250000000000e+01
3.253906250000000000e+01
7.539062500000000000e+00
2.753906250000000000e+01
1.753906250000000000e+01
3.753906250000000000e+01
1.289062500000000000e+00
2.128906250000000000e+01
1.128906250000000000e+01
3.128906250000000000e+01
6.289062500000000000e+00
2.628906250000000000e+01
1.628906250000000000e+01
3.628906250000000000e+01
3.789062500000000000e+00
2.378906250000000000e+01
1.378906250000000000e+01
3.378906250000000000e+01
8.789062500000000000e+00
2.878906250000000000e+01
1.878906250000000000e+01
3.878906250000000000e+01
6.640625000000000000e-01
2.066406250000000000e+01
1.066406250000000000e+01
3.066406250000000000e+01
5.664062500000000000e+00
2.566406250000000000e+01
1.566406250000000000e+01
3.566406250000000000e+01
3.164062500000000000e+00
2.316406250000000000e+01
1.316406250000000000e+01
3.316406250000000000e+01
8.164062500000000000e+00
2.816406250000000000e+01
1.816406250000000000e+01
3.816406250000000000e+01
1.914062500000000000e+00
2.191406250000000000e+01
1.191406250000000000e+01
3.191406250000000000e+01
6.914062500000000000e+00
2.691406250000000000e+01
1.691406250000000000e+01
3.691406250000000000e+01
4.414062500000000000e+00
2.441406250000000000e+01
1.441406250000000000e+01
3.441406250000000000e+01
9.414062500000000000e+00
2.941406250000000000e+01
1.941406250000000000e+01
3.941406250000000000e+01
3.515625000000000000e-01
2.035156250000000000e+01
1.035156250000000000e+01
3.035156250000000000e+01
5.351562500000000000e+00
2.535156250000000000e+01
1.535156250000000000e+01
3.535156250000000000e+01
2.851562500000000000e+00
2.285156250000000000e+01
1.285156250000000000e+01
3.285156250000000000e+01
7.851562500000000000e+00
2.785156250000000000e+01
1.785156250000000000e+01
3.785156250000000000e+01
1.601562500000000000e+00
2.160156250000000000e+01
1.160156250000000000e+01
3.160156250000000000e+01
6.601562500000000000e+00
2.660156250000000000e+01
1.660156250000000000e+01
3.660156250000000000e+01
4.101562500000000000e+00
2.410156250000000000e+01
1.410156250000000000e+01
3.410156250000000000e+01
9.101562500000000000e+00
2.910156250000000000e+01
1.910156250000000000e+01
3.910156250000000000e+01
9.765625000000000000e-01
2.097656250000000000e+01
1.097656250000000000e+01
3.097656250000000000e+01
5.976562500000000000e+00
2.597656250000000000e+01
1.597656250000000000e+01
3.597656250000000000e+01
3.476562500000000000e+00
2.347656250000000000e+01
1.347656250000000000e+01
3.347656250000000000e+01
8.476562500000000000e+00
2.847656250000000000e+01
1.847656250000000000e+01
3.847656250000000000e+01
2.226562500000000000e+00
2.222656250000000000e+01
1.222656250000000000e+01
3.222656250000000000e+01
7.226562500000000000e+00
2.722656250000000000e+01
1.722656250000000000e+01
3.722656250000000000e+01
4.726562500000000000e+00
2.472656250000000000e+01
1.472656250000000000e+01
3.472656250000000000e+01
9.726562500000000000e+00
2.972656250000000000e+01
1.972656250000000000e+01
3.972656250000000000e+01
1.953125000000000000e-01
2.019531250000000000e+01
1.019531250000000000e+01
3.019531250000000000e+01
5.195312500000000000e+00
2.519531250000000000e+01
1.519531250000000000e+01
3.519531250000000000e+01
2.695312500000000000e+00
2.269531250000000000e+01
1.269531250000000000e+01
3.269531250000000000e+01
7.695312500000000000e+00
2.769531250000000000e+01
1.769531250000000000e+01
3.769531250000000000e+01
1.445312500000000000e+00
2.144531250000000000e+01
1.144531250000000000e+01
3.144531250000000000e+01
6.445312500000000000e+00
2.644531250000000000e+01
1.644531250000000000e+01
3.644531250000000000e+01
3.945312500000000000e+00
2.394531250000000000e+01
1.394531250000000000e+01
3.394531250000000000e+01
8.945312500000000000e+00
2.894531250000000000e+01
1.894531250000000000e+01
3.894531250000000000e+01
8.203125000000000000e-01
2.082031250000000000e+01
1.082031250000000000e+01
3.082031250000000000e+01
5.820312500000000000e+00
2.582031250000000000e+01
1.582031250000000000e+01
3.582031250000000000e+01
3.320312500000000000e+00
2.332031250000000000e+01
1.332031250000000000e+01
3.332031250000000000e+01
8.320312500000000000e+00
2.832031250000000000e+01
1.832031250000000000e+01
3.832031250000000000e+01
2.070312500000000000e+00
2.207031250000000000e+01
1.207031250000000000e+01
3.207031250000000000e+01
7.070312500000000000e+00
2.707031250000000000e+01
1.707031250000000000e+01
3.707031250000000000e+01
4.570312500000000000e+00
2.457031250000000000e+01
1.457031250000000000e+01
3.457031250000000000e+01
9.570312500000000000e+00
2.957031250000000000e+01
1.957031250000000000e+01
3.957031250000000000e+01
5.078125000000000000e-01
2.050781250000000000e+01
1.050781250000000000e+01
3.050781250000000000e+01
5.507812500000000000e+00
2.550781250000000000e+01
1.550781250000000000e+01
3.550781250000000000e+01
3.007812500000000000e+00
2.300781250000000000e+01
1.300781250000000000e+01
3.300781250000000000e+01
8.007812500000000000e+00
2.800781250000000000e+01
1.800781250000000000e+01
3.800781250000000000e+01
1.757812500000000000e+00
2.175781250000000000e+01
1.175781250000000000e+01
3.175781250000000000e+01
6.757812500000000000e+00
2.675781250000000000e+01
1.675781250000000000e+01
3.675781250000000000e+01
4.257812500000000000e+00
2.425781250000000000e+01
1.425781250000000000e+01
3.425781250000000000e+01
9.257812500000000000e+00
2.925781250000000000e+01
1.925781250000000000e+01
3.925781250000000000e+01
1.132812500000000000e+00
2.113281250000000000e+01
1.113281250000000000e+01
3.113281250000000000e+01
6.132812500000000000e+00
2.613281250000000000e+01
1.613281250000000000e+01
3.613281250000000000e+01
3.632812500000000000e+00
2.363281250000000000e+01
1.363281250000000000e+01
3.363281250000000000e+01
8.632812500000000000e+00
2.863281250000000000e+01
1.863281250000000000e+01
3.863281250000000000e+01
2.382812500000000000e+00
2.238281250000000000e+01
1.238281250000000000e+01
3.238281250000000000e+01
7.382812500000000000e+00
2.738281250000000000e+01
1.738281250000000000e+01
3.738281250000000000e+01
4.882812500000000000e+00
2.488281250000000000e+01
1.488281250000000000e+01
3.488281250000000000e+01
9.882812500000000000e+00
2.988281250000000000e+01
1.988281250000000000e+01
3.988281250000000000e+01
1.171875000000000000e-01
2.011718750000000000e+01
1.011718750000000000e+01
3.011718750000000000e+01
5.117187500000000000e+00
2.511718750000000000e+01
1.511718750000000000e+01
3.511718750000000000e+01
2.617187500000000000e+00
2.261718750000000000e+01
1.261718750000000000e+01
3.261718750000000000e+01
7.617187500000000000e+00
2.761718750000000000e+01
1.761718750000000000e+01
3.761718750000000000e+01
1.367187500000000000e+00
2.136718750000000000e+01
1.136718750000000000e+01
3.136718750000000000e+01
6.367187500000000000e+00
2.636718750000000000e+01
1.636718750000000000e+01
3.636718750000000000e+01
3.867187500000000000e+00
2.386718750000000000e+01
1.386718750000000000e+01
3.386718750000000000e+01
8.867187500000000000e+00
2.886718750000000000e+01
1.886718750000000000e+01
3.886718750000000000e+01
7.421875000000000000e-01
2.074218750000000000e+01
1.074218750000000000e+01
3.074218750000000000e+01
5.742187500000000000e+00
2.574218750000000000e+01
1.574218750000000000e+01
3.574218750000000000e+01
3.242187500000000000e+00
2.324218750000000000e+01
1.324218750000000000e+01
3.324218750000000000e+01
8.242187500000000000e+00
2.824218750000000000e+01
1.824218750000000000e+01
3.824218750000000000e+01
1.992187500000000000e+00
2.199218750000000000e+01
1.199218750000000000e+01
3.199218750000000000e+01
6.992187500000000000e+00
2.699218750000000000e+01
1.699218750000000000e+01
3.699218750000000000e+01
4.492187500000000000e+00
2.449218750000000000e+01
1.449218750000000000e+01
3.449218750000000000e+01
9.492187500000000000e+00
2.949218750000000000e+01
1.949218750000000000e+01
3.949218750000000000e+01
4.296875000000000000e-01
2.042968750000000000e+01
1.042968750000000000e+01
3.042968750000000000e+01
5.429687500000000000e+00
2.542968750000000000e+01
1.542968750000000000e+01
3.542968750000000000e+01
2.929687500000000000e+00
2.292968750000000000e+01
1.292968750000000000e+01
3.292968750000000000e+01
7.929687500000000000e+00
2.792968750000000000e+01
1.792968750000000000e+01
3.792968750000000000e+01
1.679687500000000000e+00
2.167968750000000000e+01
1.167968750000000000e+01
3.167968750000000000e+01
6.679687500000000000e+00
2.667968750000000000e+01
1.667968750000000000e+01
3.667968750000000000e+01
4.179687500000000000e+00
2.417968750000000000e+01
1.417968750000000000e+01
3.417968750000000000e+01
9.179687500000000000e+00
2.917968750000000000e+01
1.917968750000000000e+01
3.917968750000000000e+01
1.054687500000000000e+00
2.105468750000000000e+01
1.105468750000000000e+01
3.105468750000000000e+01
6.054687500000000000e+00
2.605468750000000000e+01
1.605468750000000000e+01
3.605468750000000000e+01
3.554687500000000000e+00
2.355468750000000000e+01
1.355468750000000000e+01
3.355468750000000000e+01
8.554687500000000000e+00
2.855468750000000000e+01
1.855468750000000000e+01
3.855468750000000000e+01
2.304687500000000000e+00
2.230468750000000000e+01
1.230468750000000000e+01
3.230468750000000000e+01
7.304687500000000000e+00
2.730468750000000000e+01
1.730468750000000000e+01
3.730468750000000000e+01
4.804687500000000000e+00
2.480468750000000000e+01
1.480468750000000000e+01
3.480468750000000000e+01
9.804687500000000000e+00
2.980468750000000000e+01
1.980468750000000000e+01
3.980468750000000000e+01
2.734375000000000000e-01
2.027343750000000000e+01
1.027343750000000000e+01
3.027343750000000000e+01
5.273437500000000000e+00
2.527343750000000000e+01
1.527343750000000000e+01
3.527343750000000000e+01
2.773437500000000000e+00
2.277343750000000000e+01
1.277343750000000000e+01
3.277343750000000000e+01
7.773437500000000000e+00
2.777343750000000000e+01
1.777343750000000000e+01
3.777343750000000000e+01
1.523437500000000000e+00
2.152343750000000000e+01
1.152343750000000000e+01
3.152343750000000000e+01
6.523437500000000000e+00
2.652343750000000000e+01
1.652343750000000000e+01
3.652343750000000000e+01
4.023437500000000000e+00
2.402343750000000000e+01
1.402343750000000000e+01
3.402343750000000000e+01
9.023437500000000000e+00
2.902343750000000000e+01
1.902343750000000000e+01
3.902343750000000000e+01
8.984375000000000000e-01
2.089843750000000000e+01
1.089843750000000000e+01
3.089843750000000000e+01
5.898437500000000000e+00
2.589843750000000000e+01
1.589843750000000000e+01
3.589843750000000000e+01
3.398437500000000000e+00
2.339843750000000000e+01
1.339843750000000000e+01
3.339843750000000000e+01
8.398437500000000000e+00
2.839843750000000000e+01
1.839843750000000000e+01
3.839843750000000000e+01
2.148437500000000000e+00
2.214843750000000000e+01
1.214843750000000000e+01
3.214843750000000000e+01
7.148437500000000000e+00
2.714843750000000000e+01
1.714843750000000000e+01
3.714843750000000000e+01
4.648437500000000000e+00
2.464843750000000000e+01
1.464843750000000000e+01
3.464843750000000000e+01
9.648437500000000000e+00
2.964843750000000000e+01
1.964843750000000000e+01
3.964843750000000000e+01
5.859375000000000000e-01
2.058593750000000000e+01
1.058593750000000000e+01
3.058593750000000000e+01
5.585937500000000000e+00
2.558593750000000000e+01
1.558593750000000000e+01
3.558593750000000000e+01
3.085937500000000000e+00
2.308593750000000000e+01
1.308593750000000000e+01
3.308593750000000000e+01
8.085937500000000000e+00
2.808593750000000000e+01
1.808593750000000000e+01
3.808593750000000000e+01
1.835937500000000000e+00
2.183593750000000000e+01
1.183593750000000000e+01
3.183593750000000000e+01
6.835937500000000000e+00
2.683593750000000000e+01
1.683593750000000000e+01
3.683593750000000000e+01
4.335937500000000000e+00
2.433593750000000000e+01
1.433593750000000000e+01
3.433593750000000000e+01
9.335937500000000000e+00
2.933593750000000000e+01
1.933593750000000000e+01
3.933593750000000000e+01
1.210937500000000000e+00
2.121093750000000000e+01
1.121093750000000000e+01
3.121093750000000000e+01
6.210937500000000000e+00
2.621093750000000000e+01
1.621093750000000000e+01
3.621093750000000000e+01
3.710937500000000000e+00
2.371093750000000000e+01
1.371093750000000000e+01
3.371093750000000000e+01
8.710937500000000000e+00
2.871093750000000000e+01
1.871093750000000000e+01
3.871093750000000000e+01
2.460937500000000000e+00
2.246093750000000000e+01
1.246093750000000000e+01
3.246093750000000000e+01
7.460937500000000000e+00
2.746093750000000000e+01
1.746093750000000000e+01
3.746093750000000000e+01
4.960937500000000000e+00
2.496093750000000000e+01
1.496093750000000000e+01
3.496093750000000000e+01
9.960937500000000000e+00
2.996093750000000000e+01
1.996093750000000000e+01
3.996093750000000000e+01
1.953125000000000000e-02
2.001953125000000000e+01
1.001953125000000000e+01
3.001953125000000000e+01
5.019531250000000000e+00
2.501953125000000000e+01
1.501953125000000000e+01
3.501953125000000000e+01
2.519531250000000000e+00
2.251953125000000000e+01
1.251953125000000000e+01
3.251953125000000000e+01
7.519531250000000000e+00
2.751953125000000000e+01
1.751953125000000000e+01
3.751953125000000000e+01
1.269531250000000000e+00
2.126953125000000000e+01
1.126953125000000000e+01
3.126953125000000000e+01
6.269531250000000000e+00
2.626953125000000000e+01
1.626953125000000000e+01
3.626953125000000000e+01
3.769531250000000000e+00
2.376953125000000000e+01
1.376953125000000000e+01
3.376953125000000000e+01
8.769531250000000000e+00
2.876953125000000000e+01
1.876953125000000000e+01
3.876953125000000000e+01
6.445312500000000000e-01
2.064453125000000000e+01
1.064453125000000000e+01
3.064453125000000000e+01
5.644531250000000000e+00
2.564453125000000000e+01
1.564453125000000000e+01
3.564453125000000000e+01
3.144531250000000000e+00
2.314453125000000000e+01
1.314453125000000000e+01
3.314453125000000000e+01
8.144531250000000000e+00
2.814453125000000000e+01
1.814453125000000000e+01
3.814453125000000000e+01
1.894531250000000000e+00
2.189453125000000000e+01
1.189453125000000000e+01
3.189453125000000000e+01
6.894531250000000000e+00
2.689453125000000000e+01
1.689453125000000000e+01
3.689453125000000000e+01
4.394531250000000000e+00
2.439453125000000000e+01
1.439453125000000000e+01
3.439453125000000000e+01
9.394531250000000000e+00
2.939453125000000000e+01
1.939453125000000000e+01
3.939453125000000000e+01
3.320312500000000000e-01
2.033203125000000000e+01
1.033203125000000000e+01
3.033203125000000000e+01
5.332031250000000000e+00
2.533203125000000000e+01
1.533203125000000000e+01
3.533203125000000000e+01
2.832031250000000000e+00
2.283203125000000000e+01
1.283203125000000000e+01
3.283203125000000000e+01
7.832031250000000000e+00
2.783203125000000000e+01
1.783203125000000000e+01
3.783203125000000000e+01
1.582031250000000000e+00
2.158203125000000000e+01
1.158203125000000000e+01
3.158203125000000000e+01
6.582031250000000000e+00
2.658203125000000000e+01
1.658203125000000000e+01
3.658203125000000000e+01
4.082031250000000000e+00
2.408203125000000000e+01
1.408203125000000000e+01
3.408203125000000000e+01
9.082031250000000000e+00
2.908203125000000000e+01
1.908203125000000000e+01
3.908203125000000000e+01
9.570312500000000000e-01
2.095703125000000000e+01
1.095703125000000000e+01
3.095703125000000000e+01
5.957031250000000000e+00
2.595703125000000000e+01
1.595703125000000000e+01
3.595703125000000000e+01
3.457031250000000000e+00
2.345703125000000000e+01
1.345703125000000000e+01
3.345703125000000000e+01
8.457031250000000000e+00
2.845703125000000000e+01
1.845703125000000000e+01
3.845703125000000000e+01
2.207031250000000000e+00
2.220703125000000000e+01
1.220703125000000000e+01
3.220703125000000000e+01
7.207031250000000000e+00
2.720703125000000000e+01
1.720703125000000000e+01
3.720703125000000000e+01
4.707031250000000000e+00
2.470703125000000000e+01
1.470703125000000000e+01
3.470703125000000000e+01
9.707031250000000000e+00
2.970703125000000000e+01
1.970703125000000000e+01
3.970703125000000000e+01
1.757812500000000000e-01
2.017578125000000000e+01
1.017578125000000000e+01
3.017578125000000000e+01
5.175781250000000000e+00
2.517578125000000000e+01
1.517578125000000000e+01
3.517578125000000000e+01
2.675781250000000000e+00
2.267578125000000000e+01
1.267578125000000000e+01
3.267578125000000000e+01
7.675781250000000000e+00
2.767578125000000000e+01
1.767578125000000000e+01
3.767578125000000000e+01
1.425781250000000000e+00
2.142578125000000000e+01
1.142578125000000000e+01
3.142578125000000000e+01
6.425781250000000000e+00
2.642578125000000000e+01
1.642578125000000000e+01
3.642578125000000000e+01
3.925781250000000000e+00
2.392578125000000000e+01
1.392578125000000000e+01
3.392578125000000000e+01
8.925781250000000000e+00
2.892578125000000000e+01
1.892578125000000000e+01
3.892578125000000000e+01
8.007812500000000000e-01
2.080078125000000000e+01
1.080078125000000000e+01
3.080078125000000000e+01
5.800781250000000000e+00
2.580078125000000000e+01
1.580078125000000000e+01
3.580078125000000000e+01
3.300781250000000000e+00
2.330078125000000000e+01
1.330078125000000000e+01
3.330078125000000000e+01
8.300781250000000000e+00
2.830078125000000000e+01
1.830078125000000000e+01
3.830078125000000000e+01
2.050781250000000000e+00
2.205078125000000000e+01
1.205078125000000000e+01
3.205078125000000000e+01
7.050781250000000000e+00
2.705078125000000000e+01
1.705078125000000000e+01
3.705078125000000000e+01
4.550781250000000000e+00
2.455078125000000000e+01
1.455078125000000000e+01
3.455078125000000000e+01
9.550781250000000000e+00
2.955078125000000000e+01
1.955078125000000000e+01
3.955078125000000000e+01
4.882812500000000000e-01
2.048828125000000000e+01
1.048828125000000000e+01
3.048828125000000000e+01
5.488281250000000000e+00
2.548828125000000000e+01
1.548828125000000000e+01
3.548828125000000000e+01
2.988281250000000000e+00
2.298828125000000000e+01
1.298828125000000000e+01
3.298828125000000000e+01
7.988281250000000000e+00
2.798828125000000000e+01
1.798828125000000000e+01
3.798828125000000000e+01
1.738281250000000000e+00
2.173828125000000000e+01
1.173828125000000000e+01
3.173828125000000000e+01
6.738281250000000000e+00
2.673828125000000000e+01
1.673828125000000000e+01
3.673828125000000000e+01
4.238281250000000000e+00
2.423828125000000000e+01
1.423828125000000000e+01
3.423828125000000000e+01
9.238281250000000000e+00
2.923828125000000000e+01
1.923828125000000000e+01
3.923828125000000000e+01
1.113281250000000000e+00
2.111328125000000000e+01
1.111328125000000000e+01
3.111328125000000000e+01
6.113281250000000000e+00
2.611328125000000000e+01
1.611328125000000000e+01
3.611328125000000000e+01
3.613281250000000000e+00
2.361328125000000000e+01
1.361328125000000000e+01
3.361328125000000000e+01
8.613281250000000000e+00
2.861328125000000000e+01
1.861328125000000000e+01
3.861328125000000000e+01
2.363281250000000000e+00
2.236328125000000000e+01
1.236328125000000000e+01
3.236328125000000000e+01
7.363281250000000000e+00
2.736328125000000000e+01
1.736328125000000000e+01
3.736328125000000000e+01
4.863281250000000000e+00
2.486328125000000000e+01
1.486328125000000000e+01
3.486328125000000000e+01
9.863281250000000000e+00
2.986328125000000000e+01
1.986328125000000000e+01
3.986328125000000000e+01
9.765625000000000000e-02
2.009765625000000000e+01
1.009765625000000000e+01
3.009765625000000000e+01
5.097656250000000000e+00
2.509765625000000000e+01
1.509765625000000000e+01
3.509765625000000000e+01
2.597656250000000000e+00
2.259765625000000000e+01
1.259765625000000000e+01
3.259765625000000000e+01
7.597656250000000000e+00
2.759765625000000000e+01
1.759765625000000000e+01
3.759765625000000000e+01
1.347656250000000000e+00
2.134765625000000000e+01
1.134765625000000000e+01
3.134765625000000000e+01
6.347656250000000000e+00
2.634765625000000000e+01
1.634765625000000000e+01
3.634765625000000000e+01
3.847656250000000000e+00
2.384765625000000000e+01
1.384765625000000000e+01
3.384765625000000000e+01
8.847656250000000000e+00
2.884765625000000000e+01
1.884765625000000000e+01
3.884765625000000000e+01
7.226562500000000000e-01
2.072265625000000000e+01
1.072265625000000000e+01
3.072265625000000000e+01
5.722656250000000000e+00
2.572265625000000000e+01
1.572265625000000000e+01
3.572265625000000000e+01
3.222656250000000000e+00
2.322265625000000000e+01
1.322265625000000000e+01
3.322265625000000000e+01
8.222656250000000000e+00
2.822265625000000000e+01
1.822265625000000000e+01
3.822265625000000000e+01
1.972656250000000000e+00
2.197265625000000000e+01
1.197265625000000000e+01
3.197265625000000000e+01
6.972656250000000000e+00
2.697265625000000000e+01
1.697265625000000000e+01
3.697265625000000000e+01
4.472656250000000000e+00
2.447265625000000000e+01
1.447265625000000000e+01
3.447265625000000000e+01
9.472656250000000000e+00
2.947265625000000000e+01
1.947265625000000000e+01
3.947265625000000000e+01
4.101562500000000000e-01
2.041015625000000000e+01
1.041015625000000000e+01
3.041015625000000000e+01
5.410156250000000000e+00
2.541015625000000000e+01
1.541015625000000000e+01
3.541015625000000000e+01
2.910156250000000000e+00
2.291015625000000000e+01
1.291015625000000000e+01
3.291015625000000000e+01
7.910156250000000000e+00
2.791015625000000000e+01
1.791015625000000000e+01
3.791015625000000000e+01
1.660156250000000000e+00
2.166015625000000000e+01
1.166015625000000000e+01
3.166015625000000000e+01
6.660156250000000000e+00
2.666015625000000000e+01
1.666015625000000000e+01
3.666015625000000000e+01
4.160156250000000000e+00
2.416015625000000000e+01
1.416015625000000000e+01
3.416015625000000000e+01
9.160156250000000000e+00
2.916015625000000000e+01
1.916015625000000000e+01
3.916015625000000000e+01
1.035156250000000000e+00
2.103515625000000000e+01
1.103515625000000000e+01
3.103515625000000000e+01
6.035156250000000000e+00
2.603515625000000000e+01
1.603515625000000000e+01
3.603515625000000000e+01
3.535156250000000000e+00
2.353515625000000000e+01
1.353515625000000000e+01
3.353515625000000000e+01
8.535156250000000000e+00
2.853515625000000000e+01
1.853515625000000000e+01
3.853515625000000000e+01
2.285156250000000000e+00
2.228515625000000000e+01
1.228515625000000000e+01
3.228515625000000000e+01
7.285156250000000000e+00
2.728515625000000000e+01
1.728515625000000000e+01
3.728515625000000000e+01
4.785156250000000000e+00
2.478515625000000000e+01
1.478515625000000000e+01
3.478515625000000000e+01
9.785156250000000000e+00
2.978515625000000000e+01
1.978515625000000000e+01
3.978515625000000000e+01
2.539062500000000000e-01
2.025390625000000000e+01
1.025390625000000000e+01
3.025390625000000000e+01
5.253906250000000000e+00
2.525390625000000000e+01
1.525390625000000000e+01
3.525390625000000000e+01
2.753906250000000000e+00
2.275390625000000000e+01
1.275390625000000000e+01
3.275390625000000000e+01
7.753906250000000000e+00
2.775390625000000000e+01
1.775390625000000000e+01
3.775390625000000000e+01
1.503906250000000000e+00
2.150390625000000000e+01
1.150390625000000000e+01
3.150390625000000000e+01
6.503906250000000000e+00
2.650390625000000000e+01
1.650390625000000000e+01
3.650390625000000000e+01
4.003906250000000000e+00
2.400390625000000000e+01
1.400390625000000000e+01
3.400390625000000000e+01
9.003906250000000000e+00
2.900390625000000000e+01
1.900390625000000000e+01
3.900390625000000000e+01
8.789062500000000000e-01
2.087890625000000000e+01
1.087890625000000000e+01
3.087890625000000000e+01
5.878906250000000000e+00
2.587890625000000000e+01
1.587890625000000000e+01
3.587890625000000000e+01
3.378906250000000000e+00
2.337890625000000000e+01
1.337890625000000000e+01
3.337890625000000000e+01
8.378906250000000000e+00
2.837890625000000000e+01
1.837890625000000000e+01
3.837890625000000000e+01
2.128906250000000000e+00
2.212890625000000000e+01
1.212890625000000000e+01
3.212890625000000000e+01
7.128906250000000000e+00
2.712890625000000000e+01
1.712890625000000000e+01
3.712890625000000000e+01
4.628906250000000000e+00
2.462890625000000000e+01
1.462890625000000000e+01
3.462890625000000000e+01
9.628906250000000000e+00
2.962890625000000000e+01
1.962890625000000000e+01
3.962890625000000000e+01
5.664062500000000000e-01
2.056640625000000000e+01
1.056640625000000000e+01
3.056640625000000000e+01
5.566406250000000000e+00
2.556640625000000000e+01
1.556640625000000000e+01
3.556640625000000000e+01
3.066406250000000000e+00
2.306640625000000000e+01
1.306640625000000000e+01
3.306640625000000000e+01
8.066406250000000000e+00
2.806640625000000000e+01
1.806640625000000000e+01
3.806640625000000000e+01
1.816406250000000000e+00
2.181640625000000000e+01
1.181640625000000000e+01
3.181640625000000000e+01
6.816406250000000000e+00
2.681640625000000000e+01
1.681640625000000000e+01
3.681640625000000000e+01
4.316406250000000000e+00
2.431640625000000000e+01
1.431640625000000000e+01
3.431640625000000000e+01
9.316406250000000000e+00
2.931640625000000000e+01
1.931640625000000000e+01
3.931640625000000000e+01
1.191406250000000000e+00
2.119140625000000000e+01
1.119140625000000000e+01
3.119140625000000000e+01
6.191406250000000000e+00
2.619140625000000000e+01
1.619140625000000000e+01
3.619140625000000000e+01
3.691406250000000000e+00
2.369140625000000000e+01
1.369140625000000000e+01
3.369140625000000000e+01
8.691406250000000000e+00
2.869140625000000000e+01
1.869140625000000000e+01
3.869140625000000000e+01
2.441406250000000000e+00
2.244140625000000000e+01
1.244140625000000000e+01
3.244140625000000000e+01
7.441406250000000000e+00
2.744140625000000000e+01
1.744140625000000000e+01
3.744140625000000000e+01
4.941406250000000000e+00
2.494140625000000000e+01
1.494140625000000000e+01
3.494140625000000000e+01
9.941406250000000000e+00
2.994140625000000000e+01
1.994140625000000000e+01
3.994140625000000000e+01
5.859375000000000000e-02
2.005859375000000000e+01
1.005859375000000000e+01
3.005859375000000000e+01
5.058593750000000000e+00
2.505859375000000000e+01
1.505859375000000000e+01
3.505859375000000000e+01
2.558593750000000000e+00
2.255859375000000000e+01
1.255859375000000000e+01
3.255859375000000000e+01
7.558593750000000000e+00
2.755859375000000000e+01
1.755859375000000000e+01
3.755859375000000000e+01
1.308593750000000000e+00
2.130859375000000000e+01
1.130859375000000000e+01
3.130859375000000000e+01
6.308593750000000000e+00
2.630859375000000000e+01
1.630859375000000000e+01
3.630859375000000000e+01
3.808593750000000000e+00
2.380859375000000000e+01
1.380859375000000000e+01
3.380859375000000000e+01
8.808593750000000000e+00
2.880859375000000000e+01
1.880859375000000000e+01
3.880859375000000000e+01
6.835937500000000000e-01
2.068359375000000000e+01
1.068359375000000000e+01
3.068359375000000000e+01
5.683593750000000000e+00
2.568359375000000000e+01
1.568359375000000000e+01
3.568359375000000000e+01
3.183593750000000000e+00
2.318359375000000000e+01
1.318359375000000000e+01
3.318359375000000000e+01
8.183593750000000000e+00
2.818359375000000000e+01
1.818359375000000000e+01
3.818359375000000000e+01
1.933593750000000000e+00
2.193359375000000000e+01
1.193359375000000000e+01
3.193359375000000000e+01
6.933593750000000000e+00
2.693359375000000000e+01
1.693359375000000000e+01
3.693359375000000000e+01
4.433593750000000000e+00
2.443359375000000000e+01
1.443359375000000000e+01
3.443359375000000000e+01
9.433593750000000000e+00
2.943359375000000000e+01
1.943359375000000000e+01
3.943359375000000000e+01
3.710937500000000000e-01
2.037109375000000000e+01
1.037109375000000000e+01
3.037109375000000000e+01
5.371093750000000000e+00
2.537109375000000000e+01
1.537109375000000000e+01
3.537109375000000000e+01
2.871093750000000000e+00
2.287109375000000000e+01
1.287109375000000000e+01
3.287109375000000000e+01
7.871093750000000000e+00
2.787109375000000000e+01
1.787109375000000000e+01
3.787109375000000000e+01
1.621093750000000000e+00
2.162109375000000000e+01
1.162109375000000000e+01
3.162109375000000000e+01
6.621093750000000000e+00
2.662109375000000000e+01
1.662109375000000000e+01
3.662109375000000000e+01
4.121093750000000000e+00
2.412109375000000000e+01
1.412109375000000000e+01
3.412109375000000000e+01
9.121093750000000000e+00
2.912109375000000000e+01
1.912109375000000000e+01
3.912109375000000000e+01
9.960937500000000000e-01
2.099609375000000000e+01
1.099609375000000000e+01
3.099609375000000000e+01
5.996093750000000000e+00
2.599609375000000000e+01
1.599609375000000000e+01
3.599609375000000000e+01
3.496093750000000000e+00
2.349609375000000000e+01
1.349609375000000000e+01
3.349609375000000000e+01
8.496093750000000000e+00
2.849609375000000000e+01
1.849609375000000000e+01
3.849609375000000000e+01
2.246093750000000000e+00
2.224609375000000000e+01
1.224609375000000000e+01
3.224609375000000000e+01
7.246093750000000000e+00
2.724609375000000000e+01
1.724609375000000000e+01
3.724609375000000000e+01
4.746093750000000000e+00
2.474609375000000000e+01
1.474609375000000000e+01
3.474609375000000000e+01
9.746093750000000000e+00
2.974609375000000000e+01
1.974609375000000000e+01
3.974609375000000000e+01
2.148437500000000000e-01
2.021484375000000000e+01
1.021484375000000000e+01
3.021484375000000000e+01
5.214843750000000000e+00
2.521484375000000000e+01
1.521484375000000000e+01
3.521484375000000000e+01
2.714843750000000000e+00
2.271484375000000000e+01
1.271484375000000000e+01
3.271484375000000000e+01
7.714843750000000000e+00
2.771484375000000000e+01
1.771484375000000000e+01
3.771484375000000000e+01
1.464843750000000000e+00
2.146484375000000000e+01
1.146484375000000000e+01
3.146484375000000000e+01
6.464843750000000000e+00
2.646484375000000000e+01
1.646484375000000000e+01
3.646484375000000000e+01
3.964843750000000000e+00
2.396484375000000000e+01
1.396484375000000000e+01
3.396484375000000000e+01
8.964843750000000000e+00
2.896484375000000000e+01
1.896484375000000000e+01
3.896484375000000000e+01
8.398437500000000000e-01
2.083984375000000000e+01
1.083984375000000000e+01
3.083984375000000000e+01
5.839843750000000000e+00
2.583984375000000000e+01
1.583984375000000000e+01
3.583984375000000000e+01
3.339843750000000000e+00
2.333984375000000000e+01
1.333984375000000000e+01
3.333984375000000000e+01
8.339843750000000000e+00
2.833984375000000000e+01
1.833984375000000000e+01
3.833984375000000000e+01
2.089843750000000000e+00
2.208984375000000000e+01
1.208984375000000000e+01
3.208984375000000000e+01
7.089843750000000000e+00
2.708984375000000000e+01
1.708984375000000000e+01
3.708984375000000000e+01
4.589843750000000000e+00
2.458984375000000000e+01
1.458984375000000000e+01
3.458984375000000000e+01
9.589843750000000000e+00
2.958984375000000000e+01
1.958984375000000000e+01
3.958984375000000000e+01
5.273437500000000000e-01
2.052734375000000000e+01
1.052734375000000000e+01
3.052734375000000000e+01
5.527343750000000000e+00
2.552734375000000000e+01
1.552734375000000000e+01
3.552734375000000000e+01
3.027343750000000000e+00
2.302734375000000000e+01
1.302734375000000000e+01
3.302734375000000000e+01
8.027343750000000000e+00
2.802734375000000000e+01
1.802734375000000000e+01
3.802734375000000000e+01
1.777343750000000000e+00
2.177734375000000000e+01
1.177734375000000000e+01
3.177734375000000000e+01
6.777343750000000000e+00
2.677734375000000000e+01
1.677734375000000000e+01
3.677734375000000000e+01
4.277343750000000000e+00
2.427734375000000000e+01
1.427734375000000000e+01
3.427734375000000000e+01
9.277343750000000000e+00
2.927734375000000000e+01
1.927734375000000000e+01
3.927734375000000000e+01
1.152343750000000000e+00
2.115234375000000000e+01
1.115234375000000000e+01
3.115234375000000000e+01
6.152343750000000000e+00
2.615234375000000000e+01
1.615234375000000000e+01
3.615234375000000000e+01
3.652343750000000000e+00
2.365234375000000000e+01
1.365234375000000000e+01
3.365234375000000000e+01
8.652343750000000000e+00
2.865234375000000000e+01
1.865234375000000000e+01
3.865234375000000000e+01
2.402343750000000000e+00
2.240234375000000000e+01
1.240234375000000000e+01
3.240234375000000000e+01
7.402343750000000000e+00
2.740234375000000000e+01
1.740234375000000000e+01
3.740234375000000000e+01
4.902343750000000000e+00
2.490234375000000000e+01
1.490234375000000000e+01
3.490234375000000000e+01
9.902343750000000000e+00
2.990234375000000000e+01
1.990234375000000000e+01
3.990234375000000000e+01
1.367187500000000000e-01
2.013671875000000000e+01
1.013671875000000000e+01
3.013671875000000000e+01
5.136718750000000000e+00
2.513671875000000000e+01
1.513671875000000000e+01
3.513671875000000000e+01
2.636718750000000000e+00
2.263671875000000000e+01
1.263671875000000000e+01
3.263671875000000000e+01
7.636718750000000000e+00
2.763671875000000000e+01
1.763671875000000000e+01
3.763671875000000000e+01
1.386718750000000000e+00
2.138671875000000000e+01
1.138671875000000000e+01
3.138671875000000000e+01
6.386718750000000000e+00
2.638671875000000000e+01
1.638671875000000000e+01
3.638671875000000000e+01
3.886718750000000000e+00
2.388671875000000000e+01
1.388671875000000000e+01
3.388671875000000000e+01
8.886718750000000000e+00
2.888671875000000000e+01
1.888671875000000000e+01
3.888671875000000000e+01
7.617187500000000000e-01
2.076171875000000000e+01
1.076171875000000000e+01
3.076171875000000000e+01
5.761718750000000000e+00
2.576171875000000000e+01
1.576171875000000000e+01
3.576171875000000000e+01
3.261718750000000000e+00
2.326171875000000000e+01
1.326171875000000000e+01
3.326171875000000000e+01
8.261718750000000000e+00
2.826171875000000000e+01
1.826171875000000000e+01
3.826171875000000000e+01
2.011718750000000000e+00
2.201171875000000000e+01
1.201171875000000000e+01
3.201171875000000000e+01
7.011718750000000000e+00
2.701171875000000000e+01
1.701171875000000000e+01
3.701171875000000000e+01
4.511718750000000000e+00
2.451171875000000000e+01
1.451171875000000000e+01
3.451171875000000000e+01
9.511718750000000000e+00
2.951171875000000000e+01
1.951171875000000000e+01
3.951171875000000000e+01
4.492187500000000000e-01
2.044921875000000000e+01
1.044921875000000000e+01
3.044921875000000000e+01
5.449218750000000000e+00
2.544921875000000000e+01
1.544921875000000000e+01
3.544921875000000000e+01
2.949218750000000000e+00
2.294921875000000000e+01
1.294921875000000000e+01
3.294921875000000000e+01
7.949218750000000000e+00
2.794921875000000000e+01
1.794921875000000000e+01
3.794921875000000000e+01
1.699218750000000000e+00
2.169921875000000000e+01
1.169921875000000000e+01
3.169921875000000000e+01
6.699218750000000000e+00
2.669921875000000000e+01
1.669921875000000000e+01
3.669921875000000000e+01
4.199218750000000000e+00
2.419921875000000000e+01
1.419921875000000000e+01
3.419921875000000000e+01
9.199218750000000000e+00
2.919921875000000000e+01
1.919921875000000000e+01
3.919921875000000000e+01
1.074218750000000000e+00
2.107421875000000000e+01
1.107421875000000000e+01
3.107421875000000000e+01
6.074218750000000000e+00
2.607421875000000000e+01
1.607421875000000000e+01
3.607421875000000000e+01
3.574218750000000000e+00
2.357421875000000000e+01
1.357421875000000000e+01
3.357421875000000000e+01
8.574218750000000000e+00
2.857421875000000000e+01
1.857421875000000000e+01
3.857421875000000000e+01
2.324218750000000000e+00
2.232421875000000000e+01
1.232421875000000000e+01
3.232421875000000000e+01
7.324218750000000000e+00
2.732421875000000000e+01
1.732421875000000000e+01
3.732421875000000000e+01
4.824218750000000000e+00
2.482421875000000000e+01
1.482421875000000000e+01
3.482421875000000000e+01
9.824218750000000000e+00
2.982421875000000000e+01
1.982421875000000000e+01
3.982421875000000000e+01
2.929687500000000000e-01
2.029296875000000000e+01
1.029296875000000000e+01
3.029296875000000000e+01
5.292968750000000000e+00
2.529296875000000000e+01
1.529296875000000000e+01
3.529296875000000000e+01
2.792968750000000000e+00
2.279296875000000000e+01
1.279296875000000000e+01
3.279296875000000000e+01
7.792968750000000000e+00
2.779296875000000000e+01
1.779296875000000000e+01
3.779296875000000000e+01
1.542968750000000000e+00
2.154296875000000000e+01
1.154296875000000000e+01
3.154296875000000000e+01
6.542968750000000000e+00
2.654296875000000000e+01
1.654296875000000000e+01
3.654296875000000000e+01
4.042968750000000000e+00
2.404296875000000000e+01
1.404296875000000000e+01
3.404296875000000000e+01
9.042968750000000000e+00
2.904296875000000000e+01
1.904296875000000000e+01
3.904296875000000000e+01
9.179687500000000000e-01
2.091796875000000000e+01
1.091796875000000000e+01
3.091796875000000000e+01
5.917968750000000000e+00
2.591796875000000000e+01
1.591796875000000000e+01
3.591796875000000000e+01
3.417968750000000000e+00
2.341796875000000000e+01
1.341796875000000000e+01
3.341796875000000000e+01
8.417968750000000000e+00
2.841796875000000000e+01
1.841796875000000000e+01
3.841796875000000000e+01
2.167968750000000000e+00
2.216796875000000000e+01
1.216796875000000000e+01
3.216796875000000000e+01
7.167968750000000000e+00
2.716796875000000000e+01
1.716796875000000000e+01
3.716796875000000000e+01
4.667968750000000000e+00
2.466796875000000000e+01
1.466796875000000000e+01
3.466796875000000000e+01
9.667968750000000000e+00
2.966796875000000000e+01
1.966796875000000000e+01
3.966796875000000000e+01
6.054687500000000000e-01
2.060546875000000000e+01
1.060546875000000000e+01
3.060546875000000000e+01
5.605468750000000000e+00
2.560546875000000000e+01
1.560546875000000000e+01
3.560546875000000000e+01
3.105468750000000000e+00
2.310546875000000000e+01
1.310546875000000000e+01
3.310546875000000000e+01
8.105468750000000000e+00
2.810546875000000000e+01
1.810546875000000000e+01
3.810546875000000000e+01
1.855468750000000000e+00
